======================================================================
DESCRIPTIVE STATISTICS
======================================================================
Total observations: 12098
Repositories: 3
Unique PR authors: 2210

                              count       mean         std       min       25%        50%        75%           max
merged                      12098.0   0.756654    0.429120  0.000000  1.000000   1.000000   1.000000      1.000000
mean_toxicity               12098.0   0.001267    0.005122  0.000506  0.000697   0.000931   0.001105      0.363611
max_toxicity                12098.0   0.003497    0.023010  0.000506  0.000794   0.001194   0.001374      0.821199
max_toxicity_x100           12098.0   0.349675    2.300998  0.050593  0.079371   0.119365   0.137364     82.119912
any_toxic_comment_005       12098.0   0.009754    0.098282  0.000000  0.000000   0.000000   0.000000      1.000000
any_toxic_comment_010       12098.0   0.004464    0.066663  0.000000  0.000000   0.000000   0.000000      1.000000
mean_sentiment              12098.0  -0.044073    0.220039 -0.920765 -0.149981  -0.074347   0.070140      0.982453
mean_anger                  12098.0   0.061095    0.071617  0.000909  0.011593   0.022500   0.094646      0.711238
mean_politeness             12098.0   0.053792    0.116705  0.000000  0.000000   0.000000   0.066777      0.953011
num_comments_received       12098.0   5.704827   12.681722  1.000000  2.000000   2.000000   5.000000    375.000000
num_participants            12098.0   2.015953    1.538461  1.000000  1.000000   2.000000   2.000000     22.000000
first_response_delay_hours  12098.0  67.516136  385.533220  0.005278  0.107500   0.366389  12.223958  13971.687500
prior_pr_count              12098.0  65.655563   96.144151  0.000000  2.000000  22.000000  86.000000    515.000000
is_newcomer                 12098.0   0.171599    0.377047  0.000000  0.000000   0.000000   0.000000      1.000000
returned_30                 12098.0   0.767896    0.422193  0.000000  1.000000   1.000000   1.000000      1.000000
returned_90                 12098.0   0.813358    0.389640  0.000000  1.000000   1.000000   1.000000      1.000000
returned_180                12098.0   0.834849    0.371332  0.000000  1.000000   1.000000   1.000000      1.000000

── By repository ──
                              n pct_merged  mean_max_toxicity pct_toxic_005 pct_toxic_010  mean_sentiment pct_newcomer
repo                                                                                                                  
kubernetes/kubernetes      4713      70.7%           0.005348          2.0%          0.8%       -0.019779        17.1%
scikit-learn/scikit-learn  1137      74.1%           0.003668          0.6%          0.4%       -0.010519        27.2%
vercel/next.js             6248      79.7%           0.002069          0.3%          0.1%       -0.068504        15.4%

